-122.1250 -125.6250 -105.0625
-120.5625 -127.4375 -184.5000
-121.5625 -122.6250 -186.2500
-119.7500 -118.1875 -195.0000
-94.4375 -116.0000 -109.7500
-111.5625 -115.1875 -172.1250
-114.1875 -103.8750 -134.8750
-113.1250 -106.8750 -88.9375
-116.7500 -114.0000 -93.5000
-114.1250 -115.5000 -163.1250
-115.5000 -116.0000 -117.5000
-116.9375 -114.6250 -172.6250
-65.5000 -70.3125 -65.5000
-68.1875 -67.8125 -153.6250
-67.3750 -65.4375 -70.8750
-66.4375 -64.5625 -62.8750
-59.8438 -68.5625 -186.3750
-55.3438 -54.9062 -152.6250
-54.8125 -56.3750 -91.5625
-56.3125 -57.7500 -53.2500
-44.4375 -41.0625 -37.9375
-41.5625 -42.4375 -45.7500
-43.4062 -41.5000 -54.7812
-45.0938 -44.0938 -48.0938
-29.5469 -34.6562 -171.5000
-32.8750 -32.6562 -133.1250
-30.0312 -29.4375 -33.5000
-32.0625 -30.3906 -21.7344
-13.4531 -12.9219 -11.2891
-14.5391 -17.1875 -13.8438
-16.4219 -17.1094 -22.3906
-16.7500 -16.3906 -16.5781
-9.2547 -9.5156 -154.8750
-8.5391 -8.5625 -125.8750
-8.1875 -7.2500 -8.0000
-7.1289 -7.0977 -4.7109
-5.7188 -8.3281 -134.8750
-7.5117 -7.0703 -53.8125
-6.3516 -5.5859 -2.7812
-6.0234 -6.6797 -5.8047
-3.4102 -2.6777 -48.2500
-3.0117 -2.9277 -2.4512
-3.0449 -3.4570 -54.1875
-3.5586 -3.8184 -2.6602
-2.4336 -1.8672 -47.2500
-1.6035 -1.4229 -1.0078
-1.4258 -2.0273 -1.1787
-2.4582 -2.5645 -112.1250
-0.4761 -0.4663 0.0000
-0.4761 -0.4761 -49.7188
-0.8389 -0.9297 -0.2332
-0.4761 0.0000 -90.7500
-0.2289 40.1250 -0.4663
-0.2332 -0.2084 0.0000
-0.2332 8.4453 0.0000
43.7188 39.8750 132.3928
-56.0625 -56.4688 -47.1875
-56.4688 -58.8125 -58.1250
-61.0000 -60.3438 -139.1250
-61.7188 -59.1250 -171.6250
-38.3438 -38.0000 -63.7812
-36.3750 -36.3438 -40.4688
-38.7812 -37.5938 -169.2500
-39.3438 -36.0000 -138.1250
-13.8281 -10.4688 -10.0578
-11.3984 -10.9453 -11.4375
-12.8906 -12.1484 -107.6875
-13.5469 -13.3828 -107.3750
-94.6875 -113.2500 -157.6250
-110.8750 -112.5000 -113.6875
-112.7500 -100.8750 -186.3750
-110.8125 -107.1875 -68.3750
-98.5000 -100.6250 -201.7500
-100.9375 -100.5000 -115.8750
-100.6875 -82.3125 -192.8750
-99.6250 -100.3125 -39.4375
-62.9375 -63.3750 -166.3750
-63.4062 -62.1562 -84.2500
-63.1562 -51.5312 -192.0000
-63.4688 -63.1250 -31.2188
-70.5000 -44.9688 -126.7500
-45.3438 -45.0000 -59.6875
-45.3438 -68.6875 -192.2500
-41.8438 -43.5000 -27.1719
-30.9219 -30.9688 -18.4062
-30.4219 -30.9688 -38.6250
-31.1875 -29.3125 -172.3750
-31.2812 -21.8750 -202.2500
-18.3125 -18.2969 -14.0625
-18.2031 -18.3438 -126.0000
-18.2656 -18.4219 -43.6875
-18.2969 -18.4844 -183.0000
7.4492 -0.4033 -0.5557
-0.2289 -0.2289 -69.7500
-0.2289 -0.2289 0.0000
-0.2289 -0.2289 73.3750
